-499.85777655236836
-499.8577765523682
-495.2450618529869
-495.2450618529868
-490.65593182751826
-490.6559318275182
-486.0905606812922
-486.09056068129206
-481.5491296778264
-481.5491296778263
-477.0318275544336
-477.0318275544335
-472.5388509710231
-472.5388509710231
-468.0704049955066
-468.0704049955066
-463.6267036296442
-463.62670362964417
-459.20797037967156
-459.20797037967156
-454.8144388766187
-454.8144388766186
-450.4463535519002
-450.44635355190013
-446.1039703745334
-446.10397037453316
-441.78755765724486
-441.7875576572448
-437.4973969397911
-437.49739693979103
-433.23378395905877
-433.2337839590587
-428.9970297169953
-428.99702971699526
-424.7874616591591
-424.7874616591591
-420.60542497876327
-420.60542497876327
-416.4512840635814
-416.4512840635814
-412.3254241060726
-412.3254241060726
-408.2282529007125
-408.22825290071245
-404.1602028569136
-404.1602028569136
-400.12173326130505
-400.12173326130505
-396.11333282976443
-396.1133328297644
-392.13552259779806
-392.135522597798
-388.18885920809953
-388.1888592080995
-384.2739386669791
-384.2739386669789
-380.3914006576475
-380.39140065764747
-376.54193351917553
-376.5419335191755
-372.72628002680705
-372.726280026807
-368.9452441443383
-368.94524414433823
-365.1996989654056
-365.1996989654056
-361.49059612205696
-361.49059612205696
-357.8189770220967
-357.8189770220966
-354.1859863905844
-354.1859863905843
-350.5928887494061
-350.59288874940603
-347.0410886933896
-347.0410886933896
-343.5321561457092
-343.5321561457092
-340.06785825387675
-340.06785825387664
-336.65020031136294
-336.6502003113629
-333.2814792153839
-333.2814792153839
-329.9643547787003
-329.9643547786983
-326.7019472257223
-326.7019472256811
-323.4979744505603
-323.49797444978077
-320.35695225439775
-320.35695224064006
-317.28449972730965
-317.2844995017844
-314.2878330746948
-314.2878296636814
-311.37663912175344
-311.37659196851115
-308.56492986989184
-308.56434250288544
-305.87684859191296
-305.8704131381611
-303.37454395975726
-303.31584236476203
-301.2467669242224
-300.8872577381128
-299.4155798632144
-298.4798446955639
-297.20010120521636
-295.96574011258906
-294.6491416705685
-293.3060022702231
-291.9258851005854
-290.5172161069885
-289.08129204284626
-287.62069892712475
-286.13708380419985
-284.6319542514654
-283.10655532570536
-281.5619722740639
-279.99915141564907
-278.41892994935114
-276.82205458816316
-275.2091969296539
-273.5809652427221
-271.937913915816
-270.28055106181955
-268.6093447299911
-266.92472802975226
-265.22710339846304
-263.51684618667355
-261.79430769372846
-260.05981775639646
-258.3136869708419
-256.5562086113997
-254.7876602967671
-253.0083054443359
-251.21839454569934
-249.41816629031715
-247.60784855955384
-245.78765930947299
-243.95780735771962
-242.11849308732133
-240.26990907823176
-238.4122406757641
-236.5456665037117
-234.67035892880352
-232.78648448220844
-230.89420424300351
-228.99367418786267
-227.0850455106525
-225.1684649151549
-223.24407488371713
-221.31201392429853
-219.3724167980675
-217.42541472946493
-215.47113560041055
-213.50970413015125
-211.54124204207477
-209.565868218672
-207.58369884569953
-205.5948475464901
-203.59942550724855
-201.59754159410323
-199.58930246258473
-197.5748126601576
-195.5541747223554
-193.52748926302633
-191.49485505914305
-189.45636913059604
-187.41212681534023
-185.3622218402461
-183.30674638796165
-181.24579116007726
-179.17944543685024
-177.10779713373103
-175.03093285491258
-172.94893794410137
-170.8618965326978
-168.7698915855571
-166.6730049444875
-164.5713173696318
-162.4649085788654
-160.35385728533782
-158.23824123326858
-156.11813723210838
-153.99362118916065
-151.86476814075974
-149.73165228208387
-147.59434699569408
-145.4529248788578
-143.30745776974078
-141.1580167725209
-139.00467228149165
-136.84749400420367
-134.68655098370567
-132.52191161992477
-130.35364369024217
-128.1818143692954
-126.00649024806143
-123.82773735224492
-121.64562116001969
-119.46020661914645
-117.27155816350717
-115.07973972908013
-112.88481476938597
-110.68684627043143
-108.48589676517531
-106.28202834753984
-104.07530268599191
-101.86578103671172
-99.65352425637263
-97.43859281454854
-95.22104680576962
-93.00094596123819
-90.77834966022846
-88.55331694117905
-86.32590651249524
-84.09617676307806
-81.86418577258587
-79.62999132145086
-77.39365090065382
-75.15522172127407
-72.91476072382358
-70.67232458737675
-68.42796973850426
-66.18175236002418
-63.93372839957334
-61.683953578016826
-59.43248339769508
-57.179373150522906
-54.92467792594704
-52.66845261876642
-50.41075193683042
-48.151630408611084
-45.891142390667824
-43.62934207500223
-41.366283496315475
-39.10202053917061
-36.83660694506847
-34.57009631944152
-32.30254213857353
-30.03399775644658
-27.764516411527666
-25.494151233492687
-23.2229552498992
-20.95098139280958
-18.678282505372522
-16.404911348363953
-14.13092060669834
-11.856362895907978
-9.581290768602628
-7.305756720907993
-5.029813198893123
-2.753512604986213
-0.4769073043908634
1.7999503685020954
4.077008103691867
6.354213609138753
8.63151460431584
10.908858813744132
13.186193960498883
15.463467759689877
17.740627911900845
20.01762209659529
22.294397965471205
24.570903135768333
26.8470851835188
29.122891636734437
31.398269968530315
33.673167590173364
35.947531844051184
38.221309996560706
40.494449230901466
42.766896639775325
45.038599217980334
47.30950385489626
49.579557326852125
51.848706289370455
54.11689726927699
56.38407665667654
58.65019069677663
60.91518548155801
63.179006941281216
65.4416008358208
67.70291274581467
69.96288806362617
72.22147198410033
74.47860949511022
76.73424536788008
78.98832414707118
81.24079014062619
83.49158740934678
85.74065975620766
87.98795071537705
90.2334035409412
92.4769611953098
94.71856633729323
96.95816130982797
99.19568812733695
101.43108846270553
103.66430363385183
105.89527458987328
108.12394189674336
110.35024572254207
112.57412582218734
114.79552152164939
117.01437170161506
119.23061478057758
121.4441886973155
123.65503089273483
125.8630782910347
128.06826728016148
130.27053369151446
132.46981277885635
134.66603919638925
136.85914697594905
139.04906950326057
141.23573949321207
143.41908896407944
145.59904921064702
147.77555077615733
149.94852342301607
152.1178961021829
154.2835969211621
156.44555311051005
158.60369098876475
160.75793592569534
162.90821230376736
165.05444347770646
167.19655173203085
169.33445823642336
171.46808299879143
173.59734481585775
175.72216122111246
177.842448429934
179.95812128168365
182.0690931785444
184.17527602087358
186.2765801388005
188.37291421978472
190.46418523182496
192.55029834197393
194.63115682978463
196.70666199527733
198.7767130609696
200.84120706747927
202.9000387621374
204.9531004800138
207.00028201666936
209.04147049190095
211.07655020363035
213.10540247102614
215.12790546581476
217.14393403062803
219.15335948308854
221.15604940417876
223.15186740924793
225.14067289980875
227.12232079401855
229.09666123346898
231.063539263564
233.02279448439157
234.9742606685342
236.91776534173806
238.85312932173014
240.78016620972704
242.69868182829947
244.60847359819132
246.50932984541913
248.40102902844075
250.28333887330604
252.15601540241863
254.0188018397135
255.87142737158746
257.71360573854093
259.54503362706026
261.3653888243129
263.17432808939253
264.97148468343056
266.75646548598314
268.52884760552496
270.28817436551054
272.0339505127857
273.7656364436867
275.48264118661683
277.18431374111975
278.86993239536065
280.5386908377048
282.1896817727148
283.82187024921126
285.43407677386546
287.02488798260373
288.59276009464025
290.1353848519337
291.6513558830707
293.1341463853417
294.5898942483689
295.9812320007267
297.3880425170964
298.55351778016785
300.0611244930424
300.66591596532623
302.71165140054313
302.84686767654995
305.4647820012145
305.48296206393496
308.3626307121982
308.3646281709359
311.39102545655436
311.39121938524005
314.52893399724104
314.5289511146935
317.76067793081177
317.76067932609936
321.0751866286252
321.0751867347275
324.4643285006047
324.46432850818604
327.9218659690716
327.9218659695832
331.44284749599854
331.44284749603133
335.02323726645574
335.02323726645784
338.65967669858213
338.65967669858213
342.3493234416775
342.34932344167754
346.0897384539664
346.0897384539664
349.8788042833647
349.87880428336473
353.7146643642429
353.71466436424305
357.595676916139
357.595676916139
361.52037925992903
361.52037925992914
365.48745973750306
365.4874597375032
369.4957352924089
369.4957352924092
373.544133339473
373.5441333394732
377.63167693462094
377.631676934621
381.7574725194351
381.7574725194352
385.9206996995632
385.9206996995633
390.12060264785487
390.1206026478553
394.3564828187046
394.35648281870465
398.62769273045313
398.6276927304534
402.93363062525214
402.9336306252522
407.2737358554471
407.2737358554473
411.6474848758957
411.6474848758957
416.05438774501084
416.05438774501096
420.4939850556028
420.49398505560316
424.9658452309201
424.96584523092025
429.46956213268726
429.4695621326878
434.0047529370437
434.0047529370439
438.57105624158055
438.5710562415806
443.16813037265763
443.16813037265763
447.79565186697744
447.79565186697755
452.4533141054007
452.45331410540103
457.1408260802528
457.1408260802528
461.8579112800915
461.8579112800916
466.604306678186
466.60430667818633
471.37976181284154
471.3797618128418
476.184037949317
476.18403794931737
481.0169073144375
481.0169073144379
485.8781523961322
485.8781523961325
490.76756530113187
490.76756530113227
495.6849471648795
495.6849471648799
500.6301076084281
500.63010760842843
505.6028642377245
505.60286423772465
510.6030421812039
510.6030421812046
515.6304736620931
515.6304736620936
520.6849976022032
520.6849976022036
525.7664592543753
525.7664592543755
530.8747098610115
530.8747098610115
536.0096063364258
536.0096063364261
541.1710109709622
541.1710109709626
546.3587911550471
546.3587911550474
551.5728191215219
551.5728191215221
556.8129717047691
556.8129717047692
562.0791301152819
562.0791301152822
567.3711797284611
567.3711797284611
572.6890098865325
572.6890098865329
578.0325137125899
578.03251371259
583.4015879358383
583.4015879358384
588.7961327272224
588.7961327272224
594.2160515446708
594.2160515446708
599.6612509872712
599.6612509872713
605.1316406577391
605.1316406577395
610.6271330326063
610.6271330326064
616.1476433395886
616.1476433395887
621.6930894416546
621.693089441655
627.2633917273417
627.2633917273419
632.8584730069011
632.8584730069014
638.4782584139051
638.4782584139053
644.1226753119502
644.1226753119504
649.7916532061408
649.791653206141
655.4851236590516
655.4851236590517
661.2030202108891
661.2030202108896
666.945278303598
666.9452783035987
672.7118352086721
672.7118352086727
678.5026299584457
678.5026299584462
684.3176032806685
684.3176032806692
690.156697536162
690.1566975361621
696.0198566593848
696.0198566593855
701.9070261017433
701.907026101744
707.8181527774871
707.8181527774874
713.7531850120481
713.7531850120482
719.7120724926904
719.7120724926907
725.6947662213398
725.6947662213406
731.701218469481
731.7012184694815
737.7313827350056
737.7313827350062
743.7852137009161
743.7852137009165
749.8626671957784
749.862667195779
755.9637001558439
755.9637001558441
762.0882705887442
762.0882705887442
768.2363375386866
768.2363375386867
774.4078610530738
774.4078610530742
780.6028021504718
780.6028021504719